2 1
3 2
4 1
4 3
5 2
5 4
6 1
6 5
7 2
7 4
7 6
8 1
8 3
8 5
8 7
9 2
9 4
9 8
10 1
10 3
10 7
10 9
11 2
11 4
11 6
11 8
11 10
12 1
12 5
12 7
12 11
13 2
13 4
13 6
13 8
13 10
13 12
14 1
14 3
14 5
14 9
14 11
14 13
15 2
15 4
15 8
15 14
16 1
16 3
16 5
16 7
16 9
16 11
16 13
16 15
17 2
17 4
17 6
17 8
17 10
17 12
17 14
17 16
18 1
18 5
18 7
18 11
18 13
18 17
19 2
19 4
19 6
19 8
19 10
19 12
19 14
19 16
19 18
20 1
20 3
20 7
20 9
20 11
20 13
20 17
20 19
21 2
21 4
21 8
21 10
21 16
21 20
22 1
22 3
22 5
22 7
22 9
22 13
22 15
22 17
22 19
22 21
23 2
23 4
23 6
23 8
23 10
23 12
23 14
23 16
23 18
23 20
23 22
24 1
24 5
24 7
24 11
24 13
24 17
24 19
24 23
25 2
25 4
25 6
25 8
25 12
25 14
25 16
25 18
25 22
25 24